a = 0.05 * 0.12 / 2160.12;